4859.3
4857.7
4857.7
4857.7
4842.4
4813.4
4813.4
4773.1
4773.1
4773.1
4764.4
4764.4
4731.5
4731.5
4692.5
4685.9
4681.9
4681.9
4681.9
4655.4
4649.2
4546.8
4546.8
4546.8
4531.6
4488.4
4488.4
4429.0
4429.0
4429.0
4393.4
4386.4
4277.3
4274.5
4271.8
4271.8
4271.8
4184.6
4184.6
4184.6
4184.6
4184.6
4184.6
4184.6
4106.8
4027.9
4027.9
4027.9
4027.9
4027.9
4027.9
3978.8
3978.8
3974.7
3954.5
3945.0
3921.4
3921.4
3856.9
3856.9
3800.0
3800.0
3800.0
3800.0
3781.6
3781.6
3781.6
3781.6
3775.0
3775.0
3775.0
3770.1
3770.1
3746.5
3746.5
3715.2
3715.2
3666.5
3638.8
3638.8
3638.8
3638.8
3592.6
3554.2
3541.5
3541.5
3541.5
3541.5
3541.5
3541.5
3541.5
3541.5
3541.5
3541.5
3541.5
3476.9
3476.9
3476.9
3476.9
3476.9
3462.9
3462.9
3462.9
3443.3
3406.3
3406.3
3406.3
3395.7
3395.7
3337.1
3337.1
3337.1
3337.1
3337.1
3337.1
3289.6
3283.4
3283.4
3283.4
3283.4
3283.4
3283.4
3283.4
3283.4
3283.3
3283.3
3283.3
3283.3
3283.3
3269.4
3269.4
3263.7
3263.7
3263.7
3243.0
3243.0
3231.7
3231.7
3231.7
3228.0
3200.0
3193.1
3190.0
3168.0
3103.3
3103.3
3081.9
3022.9
3022.9
3011.1
3011.1
3011.1
3011.1
3011.1
3011.1
3011.1
3011.1
3011.1
3001.4
3001.4
3001.4
3001.4
3001.4
3001.4
3001.4
3001.4
3001.4
3001.4
3001.4
3001.4
3001.4
3001.4
3001.4
3001.4
3001.4
3001.4
3001.4
3001.4
3001.4
3001.4
3001.4
3001.4
3001.4
3001.4
3001.4
3001.4
3001.4
3001.4
3001.4
3001.4
2997.9
2997.9
2997.9
2997.9
2997.9
2997.9
2997.9
2997.9
2997.9
2997.9
2997.9
2997.9
2997.9
2997.9
2997.9
2997.9
2997.9
2997.9
2997.9
2997.9
2997.9
2997.9
2997.9
2997.9
2997.9
2997.9
2997.9
2997.9
2997.9
2997.9
2997.9
2997.9
2975.5
2975.5
2975.5
2944.0
2944.0
2944.0
2944.0
2944.0
2944.0
2936.3
2936.3
2932.8
2932.8
2932.8
2932.8
2932.8
2932.8
2932.8
2931.2
2931.2
2931.2
2931.2
2931.2
2926.5
2926.5
2926.5
2926.5
2926.5
2926.5
2926.5
2926.5
2926.5
2926.5
2926.5
2926.5
2926.5
2926.5
2926.5
2926.5
2926.5
2915.6
2915.6
2915.6
2915.6
2915.6
2915.6
2915.6
2915.6
2904.9
2904.9
2898.6
2898.6
2898.6
2898.6
2842.2
2842.2
2830.0
2810.7
2810.7
2806.1
2806.1
2806.1
2806.1
2803.9
2803.9
2792.8
2792.8
2792.8
2792.8
2792.8
2792.8
2792.8
2792.8
2792.8
2792.8
2792.8
2792.8
2792.8
2792.8
2792.8
2785.2
2785.2
2785.2
2784.6
2784.6
2784.6
2784.6
2780.6
2780.6
2780.6
2780.6
2780.6
2780.6
2758.1
2758.1
2743.6
2743.6
2743.6
2734.2
2734.2
2734.2
2727.6
2727.6
2708.4
2708.4
2708.4
2708.4
2708.4
2708.4
2683.7
2683.7
2683.7
2681.2
2681.2
2681.2
2681.2
2681.2
2681.2
2681.2
2681.2
2681.2
2681.2
2664.6
2664.6
2658.5
2658.5
2658.5
2658.5
2658.5
2658.5
2658.5
2658.5
2658.5
2657.9
2657.9
2657.9
2657.9
2657.9
2657.9
2657.9
2657.9
2657.9
2657.9
2657.9
2657.9
2657.9
2657.9
2629.1
2629.1
2629.1
2629.1
2629.1
2629.1
2629.1
2629.1
2617.5
2617.5
2593.5
2593.5
2593.5
2554.0
2554.0
2554.0
2554.0
2554.0
2554.0
2554.0
2554.0
2554.0
2532.2
2532.2
2532.2
2532.2
2532.2
2532.2
2532.2
2532.2
2525.7
2525.7
2525.7
2525.7
2525.7
2525.7
2525.7
2525.7
2525.7
2525.7
2525.7
2525.7
2525.7
2525.7
2525.7
2525.7
2525.7
2525.7
2525.7
2525.7
2525.7
2525.7
2525.7
2525.7
2525.7
2525.7
2525.7
2525.7
2525.7
2525.7
2525.7
2525.7
2525.7
2524.8
2524.8
2524.8
2524.8
2524.8
2524.8
2524.8
2524.8
2524.8
2524.8
2524.8
2524.8
2524.8
2524.8
2524.8
2524.8
2524.8
2524.8
2524.8
2521.5
2521.5
2521.5
2521.5
2521.5
2521.5
2521.5
2521.5
2521.5
2521.5
2519.5
2519.5
2519.5
2519.5
2519.5
2518.3
2518.3
2518.3
2518.3
2518.3
2518.3
2518.3
2518.3
2518.3
2518.3
2518.3
2518.3
2518.3
2518.3
2518.3
2518.3
2518.3
2513.5
2513.5
2513.5
2482.6
2482.6
2482.6
2482.6
2482.6
2482.6
2482.6
2482.6
2482.6
2482.6
2482.6
2482.6
2482.6
2482.6
2482.6
2481.8
2481.8
2481.8
2473.1
2473.1
2473.1
2473.1
2473.1
2473.1
2473.1
2473.1
2473.1
2473.1
2473.1
2473.1
2433.9
2433.9
2433.9
2433.9
2433.9
2433.9
2433.9
2433.9
2433.9
2433.9
2432.7
2432.7
2432.7
2432.7
2432.7
2432.7
2432.7
2432.7
2414.4
2414.4
2414.4
2414.4
2414.4
2414.4
2414.4
2414.4
2392.1
2392.1
2392.1
2392.1
2392.1
2392.1
2392.1
2392.1
2392.1
2392.1
2382.0
2382.0
2382.0
2382.0
2382.0
2382.0
2382.0
2382.0
2382.0
2382.0
2382.0
2348.1
2348.1
2348.1
2348.1
2348.1
2348.1
2348.1
2348.1
2348.1
2348.1
2348.1
2348.1
2348.1
2348.1
2348.1
2348.1
2348.1
2348.1
2348.1
2348.1
2347.7
2347.7
2347.7
2347.7
2347.7
2347.7
2347.7
2347.7
2347.7
2347.7
2347.7
2347.7
2347.7
2341.9
2341.9
2341.9
2341.9
2341.9
2341.9
2341.9
2341.9
2311.8
2311.8
2311.8
2311.8
2301.4
2301.4
2301.4
2301.4
2301.4
2301.4
2301.4
2301.4
2301.4
2301.4
2274.3
2274.3
2274.3
2274.3
2274.3
2274.3
2274.3
2274.3
2274.3
2274.3
2274.3
2274.3
2274.3
2274.3
2274.3
2274.3
2274.3
2274.3
2274.3
2274.3
2274.3
2274.3
2274.3
2274.3
2274.3
2274.3
2274.3
2274.3
2274.3
2274.3
2274.3
2274.3
2274.3
2274.3
2274.3
2274.3
2263.5
2263.5
2263.5
2263.5
2263.5
2263.5
2263.5
2263.5
2263.5
2263.5
2263.5
2263.5
2263.5
2263.5
2263.5
2263.5
2263.5
2263.5
2263.5
2263.5
2263.5
2263.5
2263.5
2263.5
2263.5
2263.5
2263.5
2262.5
2262.5
2244.8
2244.8
2244.8
2244.8
2244.8
2244.8
2244.8
2244.8
2244.8
2244.8
2244.8
2244.8
2244.8
2244.8
2244.8
2244.8
2237.0
2229.8
2229.8
2229.8
2229.8
2229.8
2229.8
2229.8
2229.8
2229.8
2229.8
2229.8
2229.8
2220.0
2220.0
2220.0
2220.0
2220.0
2220.0
2220.0
2220.0
2220.0
2220.0
2220.0
2220.0
2220.0
2218.6
2213.1
2213.1
2213.1
2213.1
2213.1
2213.1
2174.0
2174.0
2174.0
2174.0
2174.0
2174.0
2174.0
2174.0
2174.0
2174.0
2174.0
2174.0
2174.0
2174.0
2174.0
2174.0
2174.0
2174.0
2174.0
2174.0
2174.0
2174.0
2174.0
2174.0
2174.0
2174.0
2174.0
2174.0
2174.0
2174.0
2174.0
2174.0
2174.0
2174.0
2174.0
2174.0
2174.0
2174.0
2174.0
2174.0
2174.0
2174.0
2174.0
2174.0
2174.0
2174.0
2171.2
2171.2
2171.2
2171.2
2171.2
2166.6
2166.6
2166.6
2166.6
2166.6
2166.6
2166.6
2166.6
2166.6
2166.6
2166.6
2166.6
2166.6
2166.6
2166.6
2166.6
2166.6
2166.6
2166.6
2166.6
2166.6
2166.6
2166.6
2166.6
2166.6
2166.6
2166.6
2166.6
2166.6
2166.6
2166.6
2166.6
2166.6
2141.2
2141.2
2141.2
2141.2
2141.2
2141.2
2141.2
2141.2
2141.2
2141.2
2141.2
2141.2
2141.2
2141.2
2141.2
2141.2
2141.2
2141.2
2141.2
2141.2
2141.2
2141.2
2136.6
2132.4
2132.4
2132.4
2132.4
2132.4
2132.4
2132.4
2132.4
2132.4
2132.4
2132.4
2132.4
2117.7
2117.7
2117.7
2117.7
2117.7
2117.7
2117.7
2117.7
2117.7
2117.7
2117.7
2117.7
2117.7
2117.7
2117.7
2117.7
2115.7
2115.7
2115.7
2115.7
2115.7
2115.7
2115.7
2114.8
2114.8
2114.8
2114.8
2114.8
2114.8
2114.8
2114.8
2114.8
2114.8
2114.8
2114.8
2114.8
2114.8
2114.8
2114.8
2114.8
2114.8
2114.8
2114.8
2114.8
2114.8
2114.8
2114.8
2081.9
2081.9
2081.9
2081.9
2081.9
2081.9
2081.9
2081.9
2081.9
2081.9
2081.9
2081.9
2081.9
2081.9
2081.9
2081.9
2081.9
2081.9
2081.9
2081.9
2081.9
2081.9
2081.9
2081.9
2081.9
2081.9
2081.9
2081.9
2081.9
2081.9
2081.9
2081.9
2081.9
2081.9
2081.9
2081.9
2081.9
2081.9
2081.9
2081.9
2081.9
2081.9
2081.9
2081.9
2081.9
2081.9
2081.9
2081.9
2081.9
2081.9
2081.9
2081.9
2077.9
2077.9
2077.9
2077.6
2077.6
2077.6
2077.6
2077.6
2055.7
2055.7
2055.7
2055.7
2055.7
2055.7
2055.7
2055.7
2055.7
2055.7
2055.7
2055.7
2055.7
2055.7
2055.7
2055.7
2055.7
2055.7
2055.7
2055.7
2055.7
2055.7
2055.7
2055.7
2055.7
2055.7
2055.7
2055.7
2055.7
2055.7
2055.7
2055.7
2026.8
2026.8
2026.8
2026.8
2026.8
2026.8
2026.8
2026.8
2026.8
2026.8
2026.8
2026.8
2026.8
2006.0
2006.0
2006.0
2006.0
2006.0
2006.0
2006.0
2006.0
2006.0
2006.0
2006.0
2006.0
2006.0
2006.0
2006.0
2006.0
2006.0
2006.0
2006.0
2006.0
2006.0
2006.0
2006.0
2006.0
2006.0
2006.0
2006.0
2006.0
2006.0
2006.0
2006.0
2006.0
2006.0
2006.0
2006.0
2006.0
2006.0
2006.0
2006.0
2006.0
2006.0
2006.0
2006.0
2006.0
2006.0
2006.0
2006.0
2006.0
2006.0
2006.0
2006.0
2006.0
2006.0
2006.0
2006.0
2006.0
2006.0
2006.0
2006.0
1968.3
1968.3
1968.3
1968.3
1968.3
1968.3
1968.3
1968.3
1968.3
1968.3
1968.3
1968.3
1968.3
1968.3
1968.3
1967.3
1967.3
1967.3
1967.3
1967.3
1967.3
1967.3
1967.3
1967.3
1967.3
1967.3
1967.3
1967.3
1956.6
1956.6
1956.6
1956.6
1956.6
1956.6
1956.6
1956.6
1956.6
1956.6
1956.6
1956.6
1956.6
1956.6
1956.6
1956.6
1956.6
1956.6
1956.6
1956.6
1956.6
1956.6
1956.6
1956.6
1956.6
1956.6
1956.6
1956.6
1949.8
1949.8
1946.4
1946.4
1946.4
1946.4
1946.4
1946.4
1946.4
1946.4
1946.4
1946.4
1946.4
1946.4
1946.4
1946.4
1946.4
1946.4
1946.4
1943.7
1943.7
1943.7
1943.7
1943.7
1943.7
1943.7
1943.7
1943.7
1943.7
1943.7
1943.7
1943.7
1943.7
1943.7
1943.7
1943.7
1943.7
1943.7
1943.7
1943.7
1943.7
1943.7
1943.7
1943.7
1943.7
1943.7
1943.7
1943.7
1943.7
1939.8
1939.8
1939.8
1939.8
1939.8
1939.8
1939.8
1939.8
1939.8
1939.8
1939.8
1939.8
1939.8
1939.8
1939.8
1939.8
1939.8
1939.8
1939.8
1939.8
1939.8
1939.8
1939.8
1939.8
1939.8
1939.8
1939.8
1939.8
1939.8
1939.8
1939.8
1939.8
1939.8
1939.8
1939.8
1939.8
1939.8
1939.8
1939.8
1939.8
1939.8
1939.8
1939.8
1939.8
1939.8
1931.0
1931.0
1931.0
1931.0
1931.0
1931.0
1931.0
1931.0
1931.0
1931.0
1931.0
1931.0
1931.0
1931.0
1931.0
1931.0
1931.0
1925.1
1925.1
1925.1
1925.1
1925.1
1925.1
1920.3
1920.3
1920.3
1920.3
1920.3
1920.3
1920.3
1920.3
1920.3
1920.3
1920.3
1920.3
1920.3
1920.3
1920.3
1920.3
1920.3
1920.3
1920.3
1920.3
1920.3
1920.3
1920.3
1920.3
1920.3
1920.3
1920.3
1920.3
1920.3
1920.3
1920.3
1920.3
1920.3
1920.3
1920.3
1920.3
1920.3
1920.3
1920.3
1920.3
1920.3
1920.3
1920.3
1920.3
1920.3
1920.3
1920.3
1920.3
1920.3
1920.3
1920.3
1920.3
1920.3
1920.3
1920.3
1920.3
1920.3
1920.3
1920.3
1920.3
1920.3
1920.3
1920.3
1920.3
1920.3
1920.3
1920.3
1920.3
1920.3
1920.3
1920.3
1920.3
1920.3
1920.3
1920.3
1920.3
1920.3
1920.3
1920.3
1920.3
1920.3
1920.3
1920.3
1920.3
1905.4
1905.4
1905.4
1905.4
1905.4
1905.4
1905.4
1905.4
1905.4
1905.4
1905.4
1905.4
1905.4
1905.4
1905.4
1905.4
1905.4
1905.4
1905.4
1905.4
1905.4
1905.4
1905.4
1905.4
1905.4
1905.4
1905.4
1905.4
1905.4
1905.4
1905.4
1905.4
1899.8
1899.8
1899.8
1899.8
1899.8
1899.8
1899.8
1899.8
1899.8
1899.8
1899.8
1899.8
1899.8
1899.8
1899.8
1899.8
1899.8
1899.8
1899.8
1899.8
1898.0
1898.0
1898.0
1898.0
1898.0
1898.0
1898.0
1898.0
1892.0
1892.0
1892.0
1892.0
1856.4
1856.4
1856.4
1856.4
1856.4
1856.4
1856.4
1856.4
1856.4
1856.4
1856.4
1856.4
1856.4
1856.4
1856.4
1856.4
1856.4
1856.4
1852.7
1852.7
1852.7
1852.7
1852.7
1852.7
1852.7
1852.7
1852.7
1852.7
1852.7
1852.7
1852.7
1852.7
1852.7
1852.7
1852.7
1847.5
1847.5
1847.5
1847.5
1847.5
1847.5
1838.3
1838.3
1838.3
1838.3
1838.3
1838.3
1838.3
1838.3
1838.3
1838.3
1838.3
1838.3
1838.3
1838.3
1838.3
1838.3
1838.3
1838.3
1838.3
1838.3
1838.3
1838.3
1838.3
1838.3
1838.3
1838.3
1838.3
1838.3
1838.3
1838.3
1838.3
1838.3
1838.3
1820.9
1820.9
1820.9
1820.9
1816.5
1816.5
1816.5
1816.5
1816.5
1816.5
1816.5
1816.5
1816.5
1816.5
1816.5
1816.5
1816.5
1816.5
1816.5
1816.5
1816.5
1816.5
1816.5
1816.5
1816.5
1816.5
1816.5
1816.5
1816.5
1816.5
1816.5
1799.9
1799.9
1799.9
1799.9
1799.9
1799.9
1799.9
1799.9
1799.9
1799.9
1799.9
1799.9
1799.9
1799.9
1799.9
1799.9
1799.9
1799.9
1799.9
1799.9
1799.9
1799.9
1799.9
1799.9
1799.9
1799.9
1799.9
1799.9
1799.9
1799.9
1799.9
1799.9
1799.9
1799.9
1799.9
1799.9
1799.9
1799.9
1799.9
1799.9
1799.9
1799.9
1799.9
1799.9
1799.9
1799.9
1799.9
1799.9
1799.9
1799.9
1799.9
1799.9
1799.9
1799.9
1799.9
1799.9
1799.9
1799.9
1799.9
1799.9
1799.9
1799.9
1799.9
1799.9
1799.9
1799.9
1799.9
1799.9
1799.9
1799.9
1799.9
1799.9
1799.9
1799.9
1799.9
1799.9
1799.9
1799.9
1799.9
1799.9
1799.9
1799.9
1799.9
1799.9
1799.9
1799.9
1799.9
1799.9
1799.9
1799.9
1799.9
1799.9
1799.9
1799.9
1799.9
1799.9
1799.9
1799.9
1799.9
1799.9
