4804.6
4781.3
4771.7
4771.7
4768.8
4717.9
4717.9
4716.8
4713.7
4713.7
4703.3
4703.3
4701.5
4675.3
4660.0
4660.0
4660.0
4660.0
4648.2
4636.8
4636.8
4636.8
4585.1
4585.1
4585.1
4544.3
4544.3
4522.0
4519.8
4519.8
4519.8
4502.7
4502.7
4428.9
4428.9
4421.8
4421.8
4411.2
4386.6
4386.6
4357.0
4357.0
4357.0
4318.1
4318.1
4318.1
4318.1
4318.1
4318.1
4279.3
4242.1
4235.8
4218.4
4187.9
4164.0
4145.8
4068.9
4045.4
3974.7
3948.7
3935.0
3935.0
3908.9
3908.9
3908.9
3895.2
3895.2
3811.9
3811.9
3811.9
3811.9
3811.9
3811.9
3791.3
3791.3
3774.3
3744.9
3674.4
3674.4
3663.9
3656.4
3656.4
3656.4
3656.4
3656.4
3654.7
3645.1
3565.5
3565.5
3555.4
3555.4
3555.4
3555.4
3555.4
3546.4
3546.4
3546.4
3546.4
3546.4
3546.4
3538.6
3533.1
3533.1
3531.1
3480.2
3425.4
3425.4
3409.2
3409.2
3409.2
3409.2
3409.2
3406.4
3406.4
3362.6
3362.6
3359.4
3359.4
3359.4
3359.4
3359.4
3359.4
3342.0
3303.2
3303.2
3291.4
3291.4
3291.4
3291.4
3291.4
3291.4
3291.4
3253.2
3253.2
3253.2
3253.2
3253.2
3253.2
3253.2
3253.2
3249.4
3249.4
3249.4
3249.4
3249.4
3249.4
3249.4
3249.4
3170.6
3170.6
3170.6
3170.6
3170.6
3170.6
3170.6
3170.6
3170.6
3170.6
3170.6
3170.6
3170.6
3126.7
3126.7
3126.7
3120.7
3120.7
3097.1
3097.1
3097.1
3097.1
3075.9
3075.9
3075.9
3075.9
3075.9
3075.9
3075.9
3075.9
3048.7
3048.7
3047.3
3047.3
3038.9
3038.9
3038.9
3038.9
3038.9
3032.2
3032.2
3032.2
3010.8
3010.2
3010.2
3010.2
3010.2
3010.2
3010.2
3002.1
3002.1
2969.2
2901.5
2901.5
2901.5
2901.5
2901.5
2901.5
2901.5
2898.8
2898.8
2898.8
2898.8
2883.9
2853.4
2853.4
2853.4
2853.4
2853.4
2853.4
2853.4
2853.4
2853.0
2853.0
2853.0
2797.6
2797.6
2797.6
2797.6
2797.6
2797.6
2797.6
2797.6
2797.6
2797.6
2797.6
2797.6
2797.6
2772.6
2772.6
2772.6
2730.0
2730.0
2730.0
2730.0
2730.0
2730.0
2730.0
2730.0
2730.0
2730.0
2730.0
2730.0
2730.0
2730.0
2730.0
2730.0
2730.0
2717.9
2717.6
2717.6
2717.6
2717.6
2717.6
2717.6
2717.6
2701.9
2701.9
2701.9
2701.9
2684.1
2684.1
2684.1
2684.1
2684.1
2680.3
2680.3
2680.3
2680.3
2680.3
2674.4
2674.4
2674.4
2674.4
2674.4
2674.4
2674.4
2674.4
2674.4
2674.4
2674.4
2672.0
2659.1
2646.7
2646.7
2646.7
2646.7
2646.7
2646.7
2646.7
2646.7
2646.7
2646.7
2634.9
2634.9
2634.9
2634.9
2634.9
2534.5
2534.5
2492.4
2492.4
2492.4
2486.7
2486.7
2486.7
2486.7
2486.7
2417.3
2417.3
2417.3
2417.3
2417.3
2417.3
2417.3
2417.3
2417.3
2412.9
2412.9
2412.9
2412.9
2412.9
2412.9
2412.9
2412.9
2411.4
2342.6
2340.9
2340.9
2335.8
2335.8
2335.8
2335.8
2335.8
2335.8
2335.8
2335.8
2335.8
2335.8
2335.8
2335.8
2335.8
2335.8
2335.8
2335.8
2335.8
2335.8
2335.8
2335.8
2335.8
2335.8
2335.8
2335.8
2335.8
2335.8
2335.8
2335.8
2335.8
2335.8
2335.8
2335.8
2328.8
2328.8
2328.8
2328.8
2328.8
2323.3
2323.3
2321.4
2321.4
2293.5
2293.5
2293.5
2293.5
2286.9
2286.9
2286.9
2286.9
2286.9
2286.7
2286.7
2286.7
2286.7
2286.7
2286.1
2286.1
2286.1
2286.1
2286.1
2286.1
2286.1
2286.1
2286.1
2286.1
2286.1
2286.1
2286.1
2286.1
2286.1
2286.1
2286.1
2286.1
2286.1
2286.1
2286.1
2286.1
2286.1
2285.6
2285.6
2285.6
2285.6
2285.6
2285.6
2285.6
2285.6
2285.6
2285.6
2261.8
2261.8
2261.8
2261.8
2260.9
2260.9
2256.5
2256.5
2256.5
2256.5
2256.5
2253.7
2253.7
2253.7
2237.1
2237.1
2237.1
2237.1
2226.2
2226.2
2226.2
2226.2
2226.2
2211.2
2211.2
2181.4
2181.4
2181.4
2181.4
2181.4
2181.4
2181.4
2181.4
2094.6
2094.6
2094.6
2094.6
2094.6
2094.6
2094.6
2094.6
2088.1
2088.1
2088.1
2088.1
2069.0
2069.0
2069.0
2062.9
2062.9
2062.9
2062.9
2062.9
2062.9
2062.9
2062.9
2062.9
2062.9
2059.7
2059.7
2058.2
2058.2
2058.2
2058.2
2058.2
2058.2
2058.2
2058.2
2058.2
2058.2
2058.2
2058.2
2058.2
2058.2
2058.2
2058.2
2058.2
2058.2
2058.2
2058.2
2058.2
2058.2
2058.2
2058.2
2058.2
2058.2
2058.2
2058.2
2040.0
2040.0
2040.0
2040.0
2040.0
2007.4
2007.4
2007.4
2007.4
2007.4
2007.4
2007.4
2007.4
2007.4
2007.4
2007.4
2007.4
2007.4
2007.4
1988.2
1988.2
1988.2
1988.2
1988.2
1988.2
1988.2
1988.2
1988.2
1987.1
1987.1
1987.1
1987.1
1987.1
1987.1
1987.1
1987.1
1987.1
1987.1
1987.1
1987.1
1987.1
1973.7
1973.7
1973.7
1973.7
1972.2
1972.2
1972.2
1972.2
1972.2
1972.2
1969.1
1961.9
1961.9
1961.9
1961.9
1961.9
1961.9
1961.9
1961.9
1961.9
1954.4
1954.4
1954.4
1940.9
1940.9
1940.9
1940.9
1940.9
1940.9
1940.9
1940.9
1940.9
1940.9
1940.9
1940.9
1940.9
1940.9
1940.9
1931.6
1931.6
1931.6
1931.6
1931.6
1931.6
1931.6
1931.6
1931.6
1922.7
1922.7
1922.7
1922.7
1922.7
1922.7
1922.7
1922.7
1922.7
1922.7
1922.7
1922.7
1922.7
1922.7
1922.7
1922.7
1922.7
1922.7
1922.7
1922.7
1922.7
1922.7
1922.7
1922.7
1922.7
1922.7
1922.7
1922.7
1922.7
1922.7
1922.7
1922.7
1922.7
1922.7
1922.7
1922.7
1922.7
1922.7
1922.7
1922.7
1922.0
1922.0
1921.9
1921.9
1921.9
1921.9
1921.9
1918.4
1914.0
1905.1
1905.1
1905.1
1905.1
1905.1
1905.1
1905.1
1905.1
1905.1
1905.1
1905.1
1905.1
1905.1
1905.1
1905.1
1905.1
1905.1
1905.1
1905.1
1905.1
1905.1
1905.1
1905.1
1905.1
1905.1
1904.4
1904.4
1904.4
1901.5
1901.5
1893.5
1893.5
1893.5
1893.5
1893.5
1893.5
1889.2
1889.2
1889.2
1889.2
1867.7
1867.7
1809.7
1809.1
1797.4
1797.4
1797.4
1797.4
1797.4
1795.7
1795.7
1795.7
1795.7
1795.7
1795.7
1795.7
1795.7
1795.7
1795.7
1795.7
1795.5
1795.5
1795.5
1795.5
1795.5
1795.5
1795.5
1795.5
1795.5
1795.5
1795.5
1795.5
1795.5
1795.5
1795.5
1795.5
1795.5
1795.5
1791.4
1791.4
1791.4
1791.4
1791.4
1791.4
1783.0
1771.9
1767.7
1767.7
1767.7
1767.7
1767.7
1767.7
1766.7
1766.7
1766.7
1766.7
1766.7
1766.7
1766.7
1766.7
1766.7
1766.7
1766.7
1766.7
1766.7
1766.7
1752.8
1752.8
1752.8
1752.8
1752.8
1752.8
1752.8
1752.8
1752.8
1752.8
1752.8
1752.8
1752.8
1752.8
1752.8
1752.8
1752.8
1752.8
1752.8
1752.8
1744.0
1742.2
1742.2
1742.2
1742.2
1742.2
1742.2
1734.3
1734.3
1734.3
1734.3
1734.3
1734.3
1734.3
1734.3
1734.3
1734.3
1734.3
1734.3
1734.3
1734.3
1734.3
1734.3
1734.3
1730.5
1730.5
1730.5
1730.5
1730.5
1730.5
1730.5
1730.5
1730.5
1730.5
1730.5
1730.5
1730.5
1730.3
1730.3
1730.3
1730.3
1730.3
1730.3
1730.3
1714.3
1714.3
1714.3
1714.3
1714.3
1714.3
1714.3
1714.3
1714.3
1714.3
1714.3
1714.3
1714.3
1714.3
1714.3
1714.3
1706.3
1706.3
1706.3
1706.3
1706.3
1706.3
1682.9
1682.9
1678.4
1678.4
1678.4
1678.4
1678.4
1678.4
1678.4
1677.9
1677.9
1677.0
1677.0
1677.0
1677.0
1677.0
1677.0
1660.7
1660.7
1660.7
1660.7
1660.7
1660.7
1660.7
1660.7
1660.7
1660.7
1660.7
1660.7
1660.7
1660.7
1660.7
1660.7
1660.7
1660.7
1660.7
1660.7
1631.7
1631.7
1631.7
1631.7
1631.7
1631.7
1631.7
1629.9
1629.9
1598.3
1598.3
1598.3
1598.3
1598.3
1598.3
1598.3
1598.3
1584.8
1584.8
1584.8
1584.8
1584.8
1584.8
1584.8
1584.8
1584.8
1584.8
1581.8
1581.8
1581.8
1581.8
1581.8
1581.8
1581.8
1581.8
1581.8
1581.8
1581.8
1581.8
1581.8
1581.8
1581.8
1581.8
1581.8
1581.8
1581.8
1554.8
1554.8
1554.8
1554.8
1554.8
1554.8
1554.8
1554.8
1554.8
1554.8
1554.8
1554.8
1554.8
1554.8
1554.8
1554.8
1554.8
1552.6
1552.6
1552.6
1552.6
1552.6
1552.6
1552.6
1552.6
1552.6
1552.6
1552.6
1552.6
1552.6
1552.6
1552.6
1552.6
1552.6
1552.6
1552.6
1552.6
1552.6
1552.6
1552.6
1552.6
1552.6
1552.6
1552.6
1552.6
1552.6
1552.6
1552.6
1552.6
1552.6
1552.6
1552.6
1552.6
1552.6
1552.6
1552.6
1552.6
1552.6
1552.6
1552.6
1552.6
1552.6
1552.6
1552.6
1552.6
1552.6
1552.6
1552.6
1552.6
1552.6
1552.6
1552.6
1552.6
1552.6
1552.6
1552.6
1549.4
1549.4
1549.4
1549.4
1549.4
1549.4
1549.4
1549.4
1549.4
1549.4
1549.4
1549.4
1549.4
1549.4
1549.4
1549.4
1549.4
1549.4
1549.4
1549.4
1549.4
1549.4
1549.4
1549.4
1549.4
1549.4
1549.4
1549.4
1549.4
1549.4
1549.4
1549.4
1549.4
1549.4
1549.4
1549.4
1549.4
1549.4
1549.4
1549.4
1549.4
1549.4
1549.4
1549.4
1549.4
1549.4
1549.4
1549.4
1549.4
1549.4
1549.4
1549.4
1549.4
1549.4
1549.4
1549.4
1549.4
1549.4
1549.4
1549.4
1549.4
1549.4
1549.4
1534.0
1534.0
1534.0
1534.0
1528.4
1528.4
1528.4
1528.4
1528.4
1528.4
1528.4
1528.4
1528.4
1528.4
1528.4
1528.4
1528.4
1528.4
1528.4
1528.4
1528.4
1528.4
1528.4
1528.4
1528.4
1528.4
1528.4
1528.4
1528.4
1528.4
1528.4
1528.4
1528.3
1528.3
1528.3
1528.3
1528.3
1523.4
1523.4
1523.4
1523.4
1523.4
1523.4
1523.4
1523.4
1523.4
1523.4
1523.4
1523.4
1523.4
1523.4
1523.4
1523.4
1523.4
1523.4
1523.4
1523.4
1523.4
1523.4
1523.4
1523.4
1523.4
1523.4
1523.4
1517.3
1517.3
1517.3
1517.3
1517.3
1517.3
1517.3
1517.3
1517.3
1517.3
1517.3
1498.1
1491.2
1491.2
1491.2
1491.2
1489.1
1489.1
1489.1
1489.1
1489.1
1489.1
1461.6
1461.6
1461.6
1461.6
1461.6
1461.6
1461.6
1461.6
1461.6
1461.6
1461.6
1461.6
1461.6
1461.6
1461.6
1461.6
1461.6
1461.6
1461.6
1461.6
1461.6
1461.6
1461.6
1461.6
1461.6
1461.6
1461.6
1461.6
1461.6
1461.6
1461.6
1461.6
1461.6
1461.6
1461.6
1461.6
1461.6
1426.6
1426.6
1426.6
1426.6
1426.6
1426.6
1426.6
1426.6
1426.6
1426.6
1426.6
1426.6
1426.6
1426.6
1426.6
1426.6
1426.6
1426.6
1426.6
1426.6
1426.6
1426.6
1426.6
1426.6
1426.6
1426.6
1426.6
1426.6
1426.6
1426.6
1426.6
1426.6
1426.6
1426.6
1426.6
1426.6
1426.6
1426.6
1426.6
1426.6
1426.6
1426.6
1426.6
1426.6
1426.6
1425.3
1425.3
1425.3
1425.3
1425.3
1425.3
1425.3
1425.3
1425.3
1425.3
1425.3
1425.3
1425.3
1425.3
1425.3
1425.3
1425.3
1425.3
1425.3
1425.3
1425.3
1425.3
1425.3
1425.3
1425.3
1425.3
1425.3
1425.3
1425.3
1425.3
1425.3
1425.3
1425.3
1425.3
1425.3
1425.3
1425.3
1425.3
1425.3
1425.3
1425.3
1425.3
1425.3
1425.3
1425.3
1425.3
1425.3
1425.3
1425.3
1425.3
1425.3
1425.3
1425.3
1425.3
1425.3
1425.3
1425.3
1425.3
1425.3
1425.3
1425.3
1425.3
1421.3
1421.3
1421.3
1421.3
1421.3
1404.5
1404.5
1404.5
1404.5
1404.5
1404.5
1404.5
1404.5
1404.5
1394.2
1394.2
1394.2
1394.2
1394.2
1394.2
1394.2
1394.2
1394.2
1394.2
1394.2
1394.2
1394.0
1394.0
1394.0
1394.0
1394.0
1394.0
1394.0
1394.0
1394.0
1394.0
1394.0
1393.7
1393.7
1393.7
1393.7
1393.7
1393.7
1393.7
1393.7
1393.7
1393.7
1393.7
1393.7
1393.7
1393.7
1393.7
1393.7
1393.7
1393.7
1393.7
1393.7
1393.7
1393.7
1393.7
1393.7
1393.7
1393.7
1393.7
1393.7
1393.7
1393.7
1393.7
1393.7
1393.7
1393.7
1393.7
1393.7
1393.7
1393.7
1393.7
1393.7
1393.7
1393.7
1393.7
1393.7
1393.7
1393.7
1393.7
1393.7
1393.7
1393.7
1393.7
1393.7
1393.7
1393.7
1393.7
1393.7
1393.7
1393.7
1393.7
1393.7
1393.7
1393.7
1393.7
1393.7
1393.7
1393.7
1393.7
1393.7
1393.7
1393.7
1393.7
1393.7
1393.7
1393.7
1393.7
1393.7
1393.7
1387.2
1387.2
1387.2
1387.2
1387.2
1387.2
1387.2
1387.2
1387.2
1387.2
1387.2
1387.2
1387.2
1387.2
1387.2
1387.2
1378.9
1378.9
1378.9
1378.9
1378.9
1378.9
1378.9
1378.9
1378.9
1378.9
1378.9
1378.9
1378.9
1378.9
1356.8
1356.8
1356.8
1356.8
1356.8
1356.8
1356.8
1356.8
1356.8
1356.8
1356.8
1356.8
1356.8
1356.8
1355.6
1355.6
1355.6
1355.6
1355.6
1355.6
1355.6
1355.6
1355.6
1355.6
1355.6
1355.6
1347.7
1347.7
1347.7
1347.7
1347.7
1347.7
1347.7
1347.7
1347.7
1347.7
1347.7
1347.7
1347.7
1347.7
1347.7
1347.7
1347.7
1347.7
1347.7
1347.7
1347.7
1347.7
1347.7
1347.7
1347.7
1347.7
1347.7
1347.7
1347.7
1347.7
1347.7
1347.7
1347.7
1347.7
1347.7
1347.7
1347.7
1347.7
1347.7
1347.7
1347.7
1347.7
1347.7
1347.7
1347.7
1347.7
1347.7
1347.7
1347.7
1347.7
1347.7
1347.7
1345.4
1345.4
1345.4
1345.4
1345.4
1345.4
1345.4
1345.4
1345.4
1345.4
1345.4
1345.4
1345.4
1345.4
1345.4
1345.4
1345.4
1345.4
1345.4
1345.4
1345.4
1345.4
1345.4
1345.4
1345.4
1345.4
1345.4
1345.4
1345.4
1345.4
1345.4
1345.4
1345.4
1345.4
1345.4
1345.4
1345.4
1345.4
1345.4
1345.4
1345.4
1345.4
1345.4
1345.4
1345.4
1345.4
1345.4
1345.4
1345.4
1345.4
1345.4
1345.4
1345.4
1345.4
1345.4
1345.4
1345.4
1345.4
1345.4
1345.4
1345.4
1345.4
1345.4
1345.4
1345.4
1345.4
1345.4
1345.4
1345.4
1345.4
1345.4
1345.4
1345.4
1345.4
1345.4
1345.4
1345.4
1345.4
1345.4
1345.4
1345.4
1345.4
1345.4
1345.4
1345.4
1345.4
1345.4
1345.4
1344.1
1344.1
1344.1
1344.1
1344.1
1344.1
1342.5
1342.5
1342.5
1342.5
1342.5
1342.5
1342.5
1342.5
1342.5
1342.5
1342.5
1342.5
1342.5
1342.5
1342.5
1342.5
1342.5
1342.5
1342.5
1342.5
1342.5
1342.5
1342.5
1342.5
1342.5
1342.5
1342.5
1342.5
1342.5
1342.5
1342.5
1342.5
1342.5
1342.5
1342.5
1342.5
1342.5
1342.5
1340.7
1340.7
1340.7
1340.7
1340.7
1340.7
1340.7
1340.7
1340.7
1340.7
1340.7
1340.7
1340.7
1340.7
1340.7
1340.7
1340.7
1340.7
1340.7
1340.7
1340.7
1340.7
1340.7
1340.7
1340.7
1340.7
1340.7
1340.7
1340.7
1340.7
1340.7
1340.7
1340.7
1340.7
1340.7
1340.7
1340.7
1340.7
1340.7
1340.7
1340.7
1340.7
1340.7
1340.7
1340.7
1340.7
1340.7
1340.7
1340.7
1340.7
1340.7
1340.7
1340.7
1340.7
1340.7
1340.7
1340.7
1340.7
1340.7
1340.7
1340.7
1340.7
1340.7
1340.7
1339.4
1339.4
1339.4
1339.4
1339.4
1339.4
1339.4
1339.4
1339.4
1339.4
1339.4
1339.4
1339.4
1339.4
1339.4
1339.4
1339.4
1339.4
1339.4
1339.4
1339.4
1339.4
1339.4
1339.4
1339.4
1339.4
1339.4
1339.4
1339.4
1339.4
1339.4
1339.4
1339.4
1329.6
1329.6
1329.6
1329.6
1329.6
1329.6
1329.6
1329.6
1329.6
1329.6
1329.6
1329.6
1329.6
1329.4
1329.4
1329.4
1329.4
1329.4
1329.4
1329.4
1329.4
1325.2
1325.2
1325.2
1325.2
1325.2
1325.2
1325.2
1325.2
1325.2
1325.2
1325.2
1325.2
1325.2
1325.2
1319.5
1319.5
1319.5
1319.5
1319.5
1319.5
1319.5
1319.5
1319.5
1319.5
1319.5
1319.5
1319.5
1319.5
1319.5
1319.5
1319.5
1306.9
1306.9
1306.9
1306.9
1306.9
1306.9
1306.9
1306.9
1306.9
1306.9
1306.9
1306.9
1306.9
1306.9
1306.9
1306.9
1306.9
1306.9
1306.9
1306.9
1306.9
1306.9
1306.9
1306.9
1306.9
1289.1
1289.1
1289.1
1289.1
1289.1
1289.1
1289.1
1289.1
1289.1
1289.1
1289.1
1288.4
1288.4
1288.4
1288.4
1288.4
1288.4
1288.4
1288.4
1288.4
1288.4
1288.4
1288.4
1288.4
1288.4
1288.4
1288.4
1288.4
1288.4
1288.4
1286.4
1286.4
1286.4
1278.8
1278.8
1278.8
1278.8
1278.8
1278.8
1278.8
1278.8
1278.8
1278.8
1278.8
1278.8
1278.8
1278.8
1278.8
1278.8
1278.8
1278.8
1278.8
1278.8
1278.8
1278.8
1278.8
1278.8
1278.8
1278.8
1278.8
1278.8
1278.8
1278.8
1278.8
1278.8
1278.8
1278.8
1278.8
1278.8
1278.8
1278.8
1278.8
1278.8
1278.8
1278.8
1278.8
1278.8
1278.8
1278.8
1278.8
1278.8
1278.8
1278.8
1278.8
1278.8
1278.8
1278.8
1278.8
1278.8
1278.8
1278.8
1278.8
1278.8
1278.8
1278.8
1278.8
1278.8
1278.8
1278.8
1243.3
1243.3
1243.3
1243.3
1243.3
1243.3
1243.3
1243.3
1227.6
1227.6
1227.6
1227.6
1227.6
1227.6
1226.9
1226.9
1226.9
1226.9
1226.9
1226.9
1226.9
1226.9
1226.9
1226.9
1226.9
1226.9
1226.9
1226.9
1226.9
1226.9
1226.9
1226.9
1226.9
1226.9
1226.9
1226.9
1226.9
1226.9
1226.9
1226.9
1226.9
1226.9
1226.9
1226.9
1226.9
1226.9
1226.9
1226.9
1226.9
1226.9
1226.9
1226.9
1226.9
1226.9
1226.9
1226.9
1226.9
1226.9
1226.9
1226.9
1226.9
1226.9
1226.9
1226.9
1226.9
1226.9
1226.9
1226.9
1226.9
1226.9
1226.9
1226.9
1226.9
1224.5
1224.5
1224.5
1224.5
1224.5
1224.5
1224.5
1224.5
1224.5
1224.5
1224.5
1224.5
1224.5
1224.5
1224.5
1224.5
1224.5
1224.5
1224.5
1224.5
1224.5
1224.5
1224.5
1224.5
1223.9
1216.6
1216.6
1216.6
1213.6
1213.6
1213.6
1213.6
1213.6
1213.6
1213.6
1213.6
1213.6
1213.6
1213.6
1213.6
1213.6
1213.6
1213.6
1213.6
1213.6
1213.6
1213.6
1213.6
1213.6
1213.6
1213.6
1213.6
1213.6
1213.2
1213.2
1213.2
1213.2
1213.2
1213.2
1213.2
1213.2
1213.2
1213.2
1213.2
1213.2
1213.2
1213.2
1213.2
1213.2
1213.2
1213.2
1213.2
1213.2
1213.2
1213.2
1213.2
1213.2
1213.2
1213.2
1213.2
1213.2
1213.2
1213.2
1213.2
1213.2
1213.2
1213.2
1213.2
1213.2
1213.2
1213.2
1213.2
1213.2
1213.2
1213.2
1213.2
1213.2
1213.2
1213.2
1213.2
1213.2
1213.2
1213.2
1213.2
1213.2
1213.2
1213.2
1213.2
1213.2
1213.2
1213.2
1213.2
1213.2
1213.2
1213.2
1213.2
1213.2
1213.2
1213.2
1213.2
1213.2
1213.2
1213.2
1213.2
1213.2
1213.2
1213.2
1213.2
1213.2
1213.2
1213.2
1213.2
1213.2
1210.0
1210.0
1210.0
1210.0
1210.0
1210.0
1210.0
1210.0
1210.0
1210.0
1210.0
1210.0
1210.0
1210.0
1210.0
1210.0
1208.7
1208.7
1208.7
1208.7
1208.7
1208.7
1208.7
1208.7
1205.4
1205.4
1205.4
1205.4
1205.4
1205.4
1205.4
1205.4
1205.4
1205.4
1205.4
1205.4
1205.4
1205.4
1205.4
1205.4
1205.4
1204.2
1204.2
1204.2
1203.6
1203.6
1203.6
1203.6
1203.6
1203.6
1203.6
1203.6
1203.6
1203.6
1203.6
1203.6
1203.6
1203.6
1203.6
1203.6
1203.6
1203.6
1203.6
1203.6
1203.6
1203.6
1203.6
1190.8
1190.8
1190.8
1190.8
1190.8
1190.8
1190.8
1190.8
1190.8
1190.8
1190.8
1190.8
1190.8
1190.8
1190.8
1190.8
1190.8
1190.8
1190.8
1190.8
1190.8
1190.8
1190.8
1190.8
1190.8
1190.8
1190.8
1190.8
1190.8
1190.8
1190.8
1190.8
1190.8
1190.8
1190.8
1190.8
1190.8
1190.8
1190.8
1190.8
1190.8
1190.8
1190.8
1190.8
1190.8
1190.8
1190.8
1190.8
1190.8
1190.8
1190.8
1190.8
1190.8
1189.1
1189.1
1189.1
1189.1
1189.1
1189.1
1189.1
1189.1
1189.1
1189.1
1189.1
1189.1
1188.2
1188.2
1188.2
1188.2
1188.2
1188.2
1188.2
1188.2
1188.2
1188.2
1188.2
1188.2
1188.2
1188.2
1188.2
1188.2
1188.2
1188.2
1188.2
1188.2
1188.2
1188.2
1188.2
1188.2
1188.2
1188.2
1188.2
1186.1
1186.1
1186.1
1186.1
1186.1
1186.1
1186.1
1186.1
1186.1
1186.1
1186.1
1186.1
1186.1
1186.1
1186.1
1186.1
1186.1
1186.1
1186.1
1186.1
1186.1
1186.1
1186.1
1185.6
1185.6
1185.6
1185.6
1185.6
1185.6
1185.6
1185.6
1185.6
1185.6
1185.6
1185.6
1185.6
1185.6
1185.6
1185.6
1185.6
1185.6
1185.6
1185.6
1185.6
1185.6
1185.6
1185.6
1185.6
1185.6
1185.6
1185.6
1180.3
1180.3
1180.3
1180.3
1180.3
1180.3
1180.3
1180.3
1180.3
1180.3
1180.3
1180.3
1180.3
1180.3
1180.3
1180.3
1180.3
1180.3
1180.3
1180.3
1180.3
1180.3
1180.3
1180.3
1180.3
1180.3
1180.3
1180.3
1180.3
1180.3
1180.3
1180.3
1180.3
1180.3
1180.3
1180.3
1180.3
1180.3
1180.3
1180.3
1180.3
1180.3
1180.3
1180.3
1180.3
1180.3
1180.3
1180.3
1180.3
1180.3
1180.3
1180.3
1180.3
1180.3
1180.3
1180.3
1180.3
1180.3
1180.3
1180.3
1180.3
1180.3
1180.3
1180.3
1180.3
1180.3
1180.3
1180.3
1180.3
1180.3
1180.3
1180.3
1180.3
1180.3
1180.3
1178.0
1178.0
1178.0
1178.0
1178.0
1178.0
1178.0
1178.0
1178.0
1178.0
1178.0
1178.0
1178.0
1178.0
1178.0
1178.0
1178.0
1178.0
1178.0
1166.9
1166.9
1166.9
1166.9
1166.9
1166.9
1166.9
1166.9
1166.9
1166.9
1166.9
1166.9
1166.9
1166.9
1166.9
1166.9
1166.9
1166.9
1166.9
1166.9
1163.0
1163.0
1163.0
1163.0
1163.0
1163.0
1163.0
1163.0
1163.0
1163.0
1163.0
1163.0
1163.0
1163.0
1163.0
1163.0
1163.0
1163.0
1163.0
1163.0
1163.0
1163.0
1163.0
1163.0
1163.0
1163.0
1163.0
1163.0
1163.0
1163.0
1163.0
1163.0
1163.0
1163.0
1163.0
1163.0
1163.0
1163.0
1163.0
1163.0
1163.0
1163.0
1163.0
1163.0
1163.0
1163.0
1163.0
1163.0
1163.0
1163.0
1163.0
1163.0
1163.0
1163.0
1163.0
1163.0
1163.0
1163.0
1163.0
1163.0
1163.0
1163.0
1163.0
1163.0
1163.0
1163.0
1163.0
1163.0
1163.0
1159.8
1159.8
1159.8
1159.8
1159.8
1159.8
1159.8
1159.8
1159.8
1159.8
1159.8
1159.8
1159.8
1159.8
1159.8
1159.8
1159.8
1159.8
1159.8
1159.8
1159.8
1159.8
1159.8
1159.8
1159.8
1159.8
1159.8
1159.8
1159.8
1159.8
1159.8
1159.8
1159.8
1159.8
1159.8
1159.8
1159.8
1159.8
1159.8
1159.8
1159.8
1159.8
1159.8
1159.8
1159.8
1159.8
1159.8
1159.8
1159.8
1159.8
1159.8
1159.8
1159.8
1159.8
1159.8
1159.8
1159.8
1159.8
1159.8
1159.8
1159.8
1159.8
1159.8
1159.8
1159.8
1159.8
1159.8
1159.8
1159.8
1159.8
1159.8
1159.8
1159.8
1159.8
1159.8
1159.8
1159.8
1159.8
1159.8
1159.8
1159.8
1159.8
1155.2
1155.2
1155.2
1155.2
1155.2
1155.2
1155.2
1155.2
1155.2
1155.2
1155.2
1155.2
1155.2
1155.2
1155.2
1155.2
1155.2
1155.2
1155.2
1155.2
1155.2
1153.2
1153.2
1153.2
1153.2
1143.1
1143.1
1143.1
1143.1
1143.1
1143.1
1143.1
1143.1
1143.1
1143.1
1143.1
1143.1
1143.1
1143.1
1143.1
1143.1
1143.1
1143.1
1143.1
1143.1
1143.1
1143.1
1143.1
1143.1
1143.1
1143.1
1143.1
1143.1
1143.1
1143.1
1143.1
1143.1
1143.1
1143.1
1143.1
1143.1
1143.1
1143.1
1143.1
1143.1
1143.1
1143.1
1143.1
1143.1
1143.1
1143.1
1143.1
1143.1
1143.1
1143.1
1143.1
1143.1
1143.1
1143.1
1136.4
1136.4
1136.4
1136.4
1136.4
1136.4
1136.4
1136.4
1136.4
1136.4
1136.4
1136.4
1131.9
1131.9
1131.9
1131.9
1131.9
1131.9
1131.9
1131.9
1131.9
1131.9
1131.9
1131.9
1131.9
1131.9
1130.5
1130.5
1130.5
1130.5
1130.5
1130.5
1130.5
1130.5
1130.5
1130.5
1130.5
1130.5
1129.1
1129.1
1129.1
1129.1
1129.1
1129.1
1129.1
1125.6
1125.6
1125.6
1125.6
1125.6
1125.6
1125.6
1125.6
1125.6
1125.6
1125.6
1125.6
1125.6
1125.6
1125.6
1125.6
1125.6
1125.6
1125.6
1125.6
1125.6
1125.6
1125.6
1125.6
1125.6
1125.6
1125.6
1125.6
1125.6
1122.3
1122.3
1122.3
1122.3
1122.3
1122.3
1122.3
1122.3
1122.3
1122.3
1122.3
1122.3
1122.3
1122.3
1122.3
1122.3
1122.3
1122.3
1122.3
1122.3
1122.3
1122.3
1122.3
1122.3
1122.3
1122.3
1122.3
1122.3
1122.3
1122.3
1122.3
1122.3
1122.3
1122.3
1122.3
1122.3
1122.3
1122.3
1122.3
1122.3
1120.6
1120.6
1120.6
1120.6
1120.6
1120.6
1120.6
1120.6
1120.6
1120.6
1120.6
1120.6
1120.6
1120.6
1120.6
1120.6
1120.6
1120.6
1120.6
1120.6
1120.6
1120.6
1120.6
1120.6
1120.6
1114.9
1114.9
1114.9
1114.9
1114.9
1114.9
1114.9
1114.9
1114.9
1111.4
1111.4
1111.4
1111.4
1111.4
1111.4
1111.4
1111.4
1111.4
1111.4
1111.4
1111.4
1110.4
1110.4
1110.4
1110.4
1110.4
1110.4
1110.4
1110.4
1110.4
1110.4
1110.4
1110.4
1110.4
1110.4
1110.4
1110.4
1110.4
1110.4
1110.4
1110.4
1110.4
1110.4
1110.4
1110.4
1110.4
1110.4
1110.4
1110.4
1110.4
1110.4
1110.4
1110.4
1110.4
1110.4
1110.4
1110.4
1110.4
1110.4
1110.4
1110.4
1110.4
1110.4
1110.4
1110.4
1110.4
1110.4
1110.4
1110.4
1110.4
1110.4
1110.4
1110.4
1110.4
1110.4
1110.4
1110.4
1110.4
1110.4
1110.4
1110.4
1110.4
1110.4
1110.4
1110.4
1110.4
1110.4
1110.4
1110.4
1110.4
1110.4
1110.4
1110.4
1110.4
1110.4
1110.4
1110.4
1110.4
1110.4
1088.6
1088.6
1088.6
1088.6
1088.6
1088.6
1088.6
1088.6
1088.6
1088.6
1088.6
1088.6
1088.6
1088.6
1088.6
1088.6
1088.6
1088.6
1088.6
1088.6
1088.6
1088.6
1088.6
1088.6
1088.6
1088.6
1088.6
1088.6
1088.6
1088.6
1088.6
1088.6
1088.6
1088.6
1088.6
1088.6
1088.6
1088.6
1088.6
1088.6
1088.6
1088.6
1088.6
1088.6
1088.6
1088.6
1088.6
1088.6
1088.6
1088.6
1088.6
1088.6
1088.6
1088.6
1088.6
1088.6
1088.6
1088.6
1088.6
1088.6
1088.6
1088.6
1088.6
1088.6
1088.6
1088.6
1088.6
1088.6
1088.6
1088.6
1088.6
1088.6
1088.6
1088.6
1088.6
1088.6
1088.6
1088.6
1088.6
1088.6
1088.6
1088.6
1088.6
1088.6
1088.6
1088.6
1088.6
1088.6
1088.6
1088.6
1088.6
1088.6
1088.6
1088.6
1088.6
1088.6
1088.6
1088.6
1088.6
1088.6
